;SE/CO;mlt;1;2;6;7;8;9;10;11;12;14;15;16;17;18;20;22;23;24;25;28;31;32;33;34;47;48;49;50;51;52;61;62;63;99;104;109;116;117;118;120;Vazão posto 1;Vazão posto 2;Vazão posto 6;Vazão posto 7;Vazão posto 8;Vazão posto 9;Vazão posto 10;Vazão posto 11;Vazão posto 12;Vazão posto 14;Vazão posto 15;Vazão posto 16;Vazão posto 17;Vazão posto 18;Vazão posto 20;Vazão posto 22;Vazão posto 23;Vazão posto 24;Vazão posto 25;Vazão posto 28;Vazão posto 31;Vazão posto 32;Vazão posto 33;Vazão posto 34;Vazão posto 47;Vazão posto 48;Vazão posto 49;Vazão posto 50;Vazão posto 51;Vazão posto 52;Vazão posto 61;Vazão posto 62;Vazão posto 63;Vazão posto 99;Vazão posto 104;Vazão posto 109;Vazão posto 116;Vazão posto 117;Vazão posto 118;Vazão posto 120
SE/CO;1.0;0.11129536396220722;-0.8461598390974283;-0.8207067365136245;-0.7143922036441841;-0.697217355523373;-0.7364572332320952;-0.693050246521705;-0.7028066201987698;-0.7091613459643342;-0.7187377504370349;-0.7700564016055634;-0.742934053497216;-0.7213373939140494;-0.7363970477200683;-0.7451981286506114;-0.45771937878736535;-0.48853805780102694;-0.7007223594892914;-0.637009196135829;-0.6754118660115337;-0.6459860909466685;-0.5922199018809376;-0.6705080403872157;-0.7854480002156803;-0.8440797642092861;-0.7897284629400904;-0.8403176785756931;-0.6580568221799648;-0.7750378158878111;-0.8052842514187365;-0.8319485872571503;-0.8037678305969437;-0.7849108260472424;;;-0.8379234162998016;-0.8721231878609251;;-0.7151753675142164;-0.39669257334556296;-0.501217671286975;-0.7660769159006703;-0.7660769159006703;-0.7508312239900212;-0.7655498549423043;-0.7688289599771436;-0.7703331623818299;-0.7745245356148918;-0.7801413461471006;-0.7990954042362325;-0.7573010252345156;-0.7493978802884895;-0.7480552002500062;-0.7913833369035687;-0.7923113670482571;-0.8337240643715037;-0.8617046718464874;-0.9336556337773457;-0.832589593221558;-0.8201034861896171;-0.8297811841845205;-0.8917875159820258;-0.8976006546949808;-0.921741363203383;-0.8847188453469965;-0.7106138704569952;-0.7059818066238943;-0.6231253539832244;-0.6325074638883527;-0.6344149840470419;-0.6363825352444363;-0.5525055032692929;-0.5545220114590006;-0.5575917618031834;-0.9485511961142686;-0.7112082675031233;-0.6054148343931774;-0.5904045899640528;-0.7994216099315795;-0.6054148343931774;-0.5828417012175612
mlt;0.11129536396220722;1.0;-0.3479989711095602;-0.35022480094134145;-0.5686993639005063;-0.5565520722101482;-0.5462033820730535;-0.5947808337030112;-0.602935207237224;-0.5792286875623757;-0.5770027123565875;-0.5161854154885928;-0.4280126938636869;-0.4363002123075094;-0.5291664561126078;-0.518080472940407;-0.7209487842566057;-0.798522215288049;-0.6621851060640941;-0.6781977078772442;-0.6563735213831512;-0.6741811606633071;-0.699278668572756;-0.6012224377443596;-0.4103886775686782;-0.05259101892311594;-0.05011214178706536;-0.13836992642276574;-0.28173067823704967;-0.15441096298958054;-0.14193049309022446;-0.21177591462727807;-0.1804619620054939;-0.16003204950216035;;;0.002493635095997295;0.0346142119387646;;-0.6412085001081137;-0.8352172696147732;-0.759635473250226;0.12287939005943492;0.12287939005943492;0.1284288663159669;0.13474991477822362;0.134959290677274;0.133911870176854;0.1325962276935696;0.1355416614655816;0.10266560188673868;0.02991649207409103;0.021218568009385715;0.025127422986509603;0.08997997773391636;0.09885647202824464;0.0694790302684297;0.03851741957772078;-0.1078891565969189;0.06941287940888012;0.24184692599551402;0.22551561609612686;0.0820313206927776;0.06859070259277014;-0.02719148304882421;0.0640632434098382;0.2748313017969663;0.28217425974208105;0.39164322525494993;0.38495632021540804;0.3822040690979419;0.3788029479423852;0.4690967583152984;0.4557452992616363;0.43691891906731234;0.08864684544151606;0.271822235543994;0.39549979889684794;0.32053213115929263;0.08201274311094192;0.39549979889684794;0.1462533438062856
1;-0.8461598390974283;-0.3479989711095602;1.0;0.9957511803190224;0.8914143837099981;0.8608034927212843;0.8734347131795696;0.8861893617216866;0.8899897345454437;0.8919118713462607;0.8958230718743668;0.8834719201886149;0.8782487881470538;0.8927734759950144;0.9017491169344551;0.8825543006021777;0.5593860257160356;0.7305670410009837;0.8356844878591068;0.7598107648144696;0.8455608939872034;0.8164997063394343;0.7783885081962059;0.8132104292058144;0.8903699769540807;0.878382011583952;0.8726562526708319;0.9237198653037287;0.8589726542764171;0.897333003910821;0.9130503224628569;0.914514785529593;0.8777546183370983;0.8506348512862646;;;0.8748798181838873;0.8988275555299144;;0.8308220539598491;0.5910726481539231;0.663987241517251;0.7903537154327405;0.7903537154327405;0.7837824675167501;0.7866127064360807;0.7877582348940242;0.7890249390318714;0.7914029866944517;0.7926653006779121;0.8133510533715468;0.777301739800815;0.7750425051945309;0.7714513372463826;0.8108892225814582;0.8060544516497666;0.8306129569371551;0.8674429951557372;0.899312629027992;0.83084639868257;0.7740826366882159;0.785690708220286;0.8614408083861868;0.8679162385256215;0.9080316456611212;0.8687963647574167;0.5384737082144321;0.5336769342125957;0.45528392535650475;0.4679271715507268;0.4701984695697628;0.4725228296406682;0.3959267805508963;0.4003649335396786;0.4084444108837031;0.8296568545072875;0.502687159316431;0.38856568681185144;0.41887900372622494;0.6186271850808799;0.38856568681185144;0.618178064357982
2;-0.8207067365136245;-0.35022480094134145;0.9957511803190224;1.0;0.873586964578;0.8418276751062793;0.8535335784570898;0.8747137895446131;0.8803455895895751;0.8809981700123208;0.8856627302731087;0.8634568425684532;0.8547238048848178;0.8754423464108095;0.8899149269682378;0.8691135460825443;0.5680743840320759;0.7386206171579236;0.8205919422290472;0.7381315971406057;0.834582252290913;0.8066577090405779;0.7719476537965446;0.8004987801154352;0.8762523300893093;0.8502916764804874;0.8506839412836996;0.9091356803583257;0.8555984849343728;0.8833258029644164;0.8983997837208187;0.8956450758620026;0.8553495642700557;0.8264351506315575;;;0.8625492439431606;0.8830148785628985;;0.8268452600886884;0.586556802495403;0.6589009025572158;0.7782257083730176;0.7782257083730176;0.7781504148598832;0.7825435203389685;0.7839722350393146;0.7854155049890836;0.7881231881044066;0.7900702418886101;0.8101756437693484;0.7583797022058378;0.7564938953427327;0.7533727833838553;0.8076272688325589;0.8042547140726211;0.8257683476800016;0.8598566257517926;0.8868484509295227;0.8261358252627237;0.7809893508776903;0.7920173246902766;0.857174404475473;0.8632188342356277;0.9027889570893418;0.8650825785771118;0.5245613222465122;0.520412988792315;0.45109661983164484;0.4619615015538565;0.4639979937576497;0.466012346382706;0.39341578848502495;0.39755124948889153;0.40509159197730316;0.8165240375786168;0.48020559909382154;0.3733153349829042;0.400933236132187;0.5880629161219658;0.3733153349829042;0.6107942369002549
6;-0.7143922036441841;-0.5686993639005063;0.8914143837099981;0.873586964578;1.0;0.9913841376324832;0.977709222874274;0.9852439707389985;0.9825345566805505;0.9786910037274327;0.9785076257556387;0.9826881362524297;0.9642297358205028;0.9579543464159759;0.9783189253853527;0.9588023337261318;0.7366093992098581;0.8782793884175264;0.9611334984139421;0.9472722977821697;0.9731723167134274;0.9594439876722226;0.9479282645521822;0.9461925697547483;0.9320093742524916;0.8286291943938117;0.8334975111991161;0.8550868978548469;0.9032382450611409;0.8792181563946564;0.8706851191423042;0.8813219760905581;0.859980503005429;0.8416130226814419;;;0.792348198689598;0.7698713068663251;;0.8775532915106139;0.8250228261793232;0.8799182335392017;0.5583804749015082;0.5583804749015082;0.5378744341183669;0.5362126116310044;0.5369629067065019;0.5382180566688546;0.5402420305696092;0.539929085667959;0.569007927025066;0.5763214095856755;0.5761098251783168;0.5738824414678774;0.5653483085030983;0.5588522510415544;0.5942432286435363;0.6336524551304881;0.7215949943205441;0.5944626297677477;0.4775493498159944;0.4924712462686599;0.6107891438062523;0.6208785070151365;0.6842160508333544;0.6228174720990961;0.29109769461984575;0.2856056955053465;0.18708584224515523;0.1969463587403821;0.1996976765641151;0.20206627577067673;0.1078858572630944;0.11415803239059456;0.12505656103878926;0.6099077340845198;0.2694340038566746;0.11192805007785064;0.15219444879347824;0.4627917569099079;0.11192805007785064;0.38539309194829213
7;-0.697217355523373;-0.5565520722101482;0.8608034927212843;0.8418276751062793;0.9913841376324832;1.0;0.9905596842523032;0.990670421808296;0.9866059536100166;0.985867349511791;0.983609448989955;0.9747618754694826;0.9782880723515563;0.974203516305375;0.9854128390414703;0.9731001961136216;0.7741462235123664;0.8844905453833382;0.9693053442185467;0.9613882664008572;0.9810943266045389;0.971594413647309;0.9610743722970829;0.9653681334657971;0.9467452716725288;0.8347266040502903;0.8392872269315181;0.8612692588602846;0.909151954232676;0.8873459460686233;0.876513123998998;0.8876893924699711;0.8702791441082364;0.8542701137310288;;;0.77605523169954;0.7573270888096979;;0.8846273716422348;0.8457248217475867;0.8916306388083575;0.5250927763178462;0.5250927763178462;0.4988329794688703;0.4971887337200272;0.4978472080210459;0.49891526824071875;0.5006037532896422;0.4999135614002601;0.5293000232052324;0.5502711101693917;0.5494543773095384;0.5476473255222518;0.5295094329920462;0.521673412720008;0.5392615553614405;0.5802477374901743;0.6766053462306981;0.5396305421482535;0.431993944731198;0.4462706204183134;0.5648309374826135;0.5751689494075549;0.6399431192400087;0.5830743460702079;0.29658038469531794;0.2911677113550014;0.18995384870918744;0.19818993951610014;0.20107120634305387;0.2033788821529852;0.11620777362714063;0.12311959337637866;0.13458830146773704;0.5840354625119004;0.28892765651206487;0.13168804596621592;0.1686078766175591;0.48039101124907563;0.13168804596621592;0.36303749290608145
8;-0.7364572332320952;-0.5462033820730535;0.8734347131795696;0.8535335784570898;0.977709222874274;0.9905596842523032;1.0;0.9867525290388381;0.9836489763374338;0.987584357884792;0.9858491748312688;0.972079331818624;0.9831588043439566;0.9796896361369404;0.989989136735818;0.9923345834344064;0.7966355532081819;0.8884660870836883;0.9817072026763682;0.9678177010348715;0.9836361833210581;0.9777190850483676;0.960192677272831;0.9824454528571499;0.9715353852577974;0.8453230069548175;0.8328613096532789;0.8790353112603206;0.8784321179764492;0.8833056731880452;0.8838080829951941;0.9139209224387737;0.8970695711053054;0.8844883671296921;;;0.7677542954350225;0.7674213769225703;;0.9256980325145882;0.8505364774162719;0.8922961531979657;0.5468615176510172;0.5468615176510172;0.5214501923492849;0.5186332344073111;0.5189445229240226;0.5197947785600329;0.521036361069137;0.5194010721744092;0.5488689771420311;0.5917999305938292;0.5914561007912108;0.5892317956855254;0.5507756567235134;0.5375231063498948;0.5758323700400924;0.6103002548962406;0.7107343749050979;0.5761760849774115;0.45163673301735285;0.4679622704735859;0.6003760643339492;0.6105872274345652;0.6717485218319469;0.6087476760313305;0.33883892475706356;0.33272988062559966;0.2255336595685499;0.23730090843466056;0.24036916290453741;0.2432118738277812;0.1571641800670685;0.16442131882979916;0.1758701095482128;0.6302320460480593;0.3752217197897809;0.22632281152145034;0.2605156133916191;0.5485446188357496;0.22632281152145034;0.38356898689131735
9;-0.693050246521705;-0.5947808337030112;0.8861893617216866;0.8747137895446131;0.9852439707389985;0.990670421808296;0.9867525290388381;1.0;0.9990277772138254;0.9985194541566249;0.9973615004633161;0.9598633046113544;0.9603021648710363;0.9692332135737588;0.9942078120857769;0.9773255451386984;0.784257151259147;0.9128534298277117;0.9739593227579624;0.9500935156871597;0.9877919138347124;0.9759663866523864;0.9638512803126966;0.9632439558987237;0.944873598040975;0.8180184794255917;0.8223394252979742;0.8544559381467955;0.9010845739242302;0.8742090503546515;0.8678771437531939;0.8795410027655883;0.854937966848038;0.8344704267184261;;;0.7624581357954548;0.7500302133213812;;0.9055401877087331;0.855783879102784;0.8870070182213639;0.5491593082241322;0.5491593082241322;0.5276097231414186;0.5260734010481494;0.5266370194561313;0.5276840562446047;0.5292575785295092;0.528221358414925;0.5573448708005491;0.5802413140632613;0.5802807718586597;0.578565474024799;0.5611610252865418;0.5519011037239607;0.5534113398577073;0.5919731429721644;0.6827898804123904;0.5538493557436087;0.44573831393133273;0.4618615002886719;0.5802215393990742;0.591048593454628;0.6603372021808503;0.6072559375039318;0.3164099770610194;0.31092192295312754;0.2118656524318923;0.22025980081154303;0.22322091938983202;0.22562894563123279;0.1396015111269138;0.14774379382416403;0.16059195060309728;0.5879987409650831;0.302669790625788;0.1544351753278697;0.20609129925448952;0.48078836658262303;0.1544351753278697;0.40134880055264555
10;-0.7028066201987698;-0.602935207237224;0.8899897345454437;0.8803455895895751;0.9825345566805505;0.9866059536100166;0.9836489763374338;0.9990277772138254;1.0;0.9982660202515684;0.9980280848282592;0.9575379944336774;0.9518147792896384;0.9615066932372038;0.9933408021512442;0.9763188899168824;0.7929377070349868;0.9196294813065643;0.9759224382668722;0.9489267612711717;0.9891833680412876;0.9765497536520762;0.9647577418944167;0.9618172967754327;0.9428371964248391;0.8101519067830943;0.8134806069940282;0.8477703025045148;0.8951189090884815;0.8665471637109659;0.861057823579761;0.8738553995894998;0.8474536662186002;0.825583995797557;;;0.761326762762775;0.7465584404275277;;0.909959383047854;0.8600302927548896;0.8890555246204866;0.5446248446794997;0.5446248446794997;0.5248408451855093;0.5248487903509533;0.5257238113244305;0.5269125214839844;0.5288554389998188;0.5284578675537298;0.5580406791460034;0.5749475259533987;0.5747736195218146;0.5733305740144761;0.5615757331037766;0.5532092425504814;0.5619431618297936;0.6002221468687094;0.6930737744102669;0.5623769393632005;0.4549617091592709;0.4712300814102939;0.5890836081445389;0.5998280851895743;0.6694922011105389;0.6131169374597674;0.3167443620926859;0.31126559064657106;0.21209443477662865;0.21985776703152607;0.22281700103962526;0.22517194674017996;0.1377806520549509;0.14607403074414566;0.1589725287367287;0.5978006380309853;0.30243230886799144;0.1563928882544605;0.2074358658045806;0.47757962907001394;0.1563928882544605;0.3935911459991029
11;-0.7091613459643342;-0.5792286875623757;0.8919118713462607;0.8809981700123208;0.9786910037274327;0.985867349511791;0.987584357884792;0.9985194541566249;0.9982660202515684;1.0;0.9995051956474337;0.9559264944931127;0.9587275126570607;0.9699801762198478;0.9973215946380729;0.9823999863281677;0.78571602941243;0.9085298733878663;0.9738624926171944;0.9468682068493552;0.9854372246731613;0.9731113340083296;0.9586433871695206;0.9642555973324457;0.9521442654434313;0.8284921555198326;0.8278998827254538;0.8628626728257043;0.8952045547168731;0.8767063445775167;0.8739960199534041;0.8885399017939475;0.8633646824174647;0.8433702190125631;;;0.7700096076221611;0.7617843759634568;;0.9135903141401026;0.8496678124313407;0.8790310870630514;0.5662038707629278;0.5662038707629278;0.5449449078282457;0.5436418056357533;0.5441745299847037;0.5451542346988291;0.5466302316320326;0.5454814397927269;0.5741981684316877;0.6012505342904071;0.6012302365160581;0.5995939455842234;0.578713241593081;0.568113384101013;0.5704655903517345;0.6058017341977603;0.6951086465775607;0.5708514578527089;0.4618887781090525;0.4788120997749413;0.5981794153277901;0.6088780046569325;0.6766955996642382;0.6247401101125737;0.3398669986648326;0.3344084623180459;0.23696020749998142;0.2459045668235353;0.24887882853300453;0.251327082472774;0.1672723981220968;0.1754625753499003;0.18813624780339872;0.6080928991317226;0.3333466240339994;0.19035206135320215;0.24561604540818877;0.5019178028902946;0.19035206135320215;0.418559580720383
12;-0.7187377504370349;-0.5770027123565875;0.8958230718743668;0.8856627302731087;0.9785076257556387;0.983609448989955;0.9858491748312688;0.9973615004633161;0.9980280848282592;0.9995051956474337;1.0;0.9571150222635474;0.9543571948255267;0.9654034740581018;0.9975772048166279;0.9819022202503114;0.784018171381617;0.9087762276935897;0.9738645368787503;0.9458382107392007;0.9850044184958103;0.9720996648033553;0.9575356499097635;0.9628703220610969;0.9515368390248518;0.8285484955628438;0.8265068329823857;0.861794787408217;0.8919868935375118;0.8741542551074931;0.8726256295165102;0.887798998321252;0.8615742543694924;0.8413898398773062;;;0.7754607682340274;0.7656697583081596;;0.9144272003412363;0.8476917326309019;0.8783476756966246;0.572220241030243;0.572220241030243;0.5528091118474514;0.5521251651597449;0.5527938303235163;0.5538517690852801;0.5555001322880664;0.5546196383422833;0.5833510016756914;0.607336010597347;0.6074290434503938;0.6061017930295338;0.5866844422978555;0.5762620293205082;0.5845495987603844;0.6173484287563655;0.7070562761082053;0.5848723821452927;0.47326443153850783;0.49081426378065357;0.6105973483244769;0.6213009150011859;0.6886411329127561;0.6352730282706385;0.3433720146518612;0.33799849715428154;0.2423250277027456;0.2511427281000836;0.25406072356238574;0.2564358263398981;0.17058210392831757;0.17853837171196824;0.19081633477624066;0.6197299189969172;0.33801007341240197;0.19624652618856328;0.2510851794932637;0.5045381648478598;0.19624652618856328;0.4210742883021272
14;-0.7700564016055634;-0.5161854154885928;0.8834719201886149;0.8634568425684532;0.9826881362524297;0.9747618754694826;0.972079331818624;0.9598633046113544;0.9575379944336774;0.9559264944931127;0.9571150222635474;1.0;0.965228831673014;0.9413788795311206;0.9646915531463814;0.9631057660148353;0.757628812095314;0.8508278646461618;0.9621837117388415;0.9446913334632313;0.9611994230105967;0.9508570420803011;0.9378454374566076;0.9528488913656363;0.9570787494514205;0.8416861221267298;0.8315635807498485;0.8694995228351022;0.8896803140698919;0.887536172698675;0.8857157205514364;0.9121707483309307;0.8982321102430414;0.8854353080009678;;;0.8190308616216592;0.7948446825175992;;0.8986475355779242;0.8028477004341702;0.8903729829903896;0.5793105420612773;0.5793105420612773;0.5628585120755054;0.5632936642272507;0.5643884616662825;0.5655908671015448;0.5678067395079744;0.5682453286791634;0.5967195844476166;0.6007846039912345;0.5989663047523766;0.5969522657440628;0.5919831527339878;0.5846603500126889;0.6328771524799024;0.6672003776371052;0.7589748593700021;0.6329048932523712;0.5259797629423992;0.5407212292431917;0.6551952940264583;0.6643516513761984;0.7208678274356242;0.6580624793317372;0.3503878084267843;0.34517783099389504;0.24842709030910143;0.2610052469964967;0.2636624457997986;0.266352804918385;0.17185039095356455;0.17730074384232147;0.18663007826544095;0.667589785742617;0.34148709538512034;0.18839926653431044;0.2172783332546533;0.5231659741413993;0.18839926653431044;0.39979474929818953
15;-0.742934053497216;-0.4280126938636869;0.8782487881470538;0.8547238048848178;0.9642297358205028;0.9782880723515563;0.9831588043439566;0.9603021648710363;0.9518147792896384;0.9587275126570607;0.9543571948255267;0.965228831673014;1.0;0.9913527973871936;0.9680941743434271;0.9723740025262899;0.7265531177362704;0.8141302189806399;0.9380725298608062;0.9251385273768408;0.9435214594149035;0.9364895313636131;0.9148486022144586;0.95245812384424;0.9704233896927006;0.8953671639957338;0.8906826491119367;0.927644679758316;0.9127113446225674;0.933709204189985;0.9310336100943063;0.947565333948178;0.9366775155214568;0.9270199429803248;;;0.8173365634932226;0.8245540469267072;;0.880927798088489;0.7679592196147883;0.8353893888061696;0.5982920527792381;0.5982920527792381;0.5691970084202611;0.5651551109961747;0.5651654124447668;0.5657977792519476;0.5666043479071944;0.5648373844520956;0.5908960384202602;0.6208598110445807;0.6190497091887689;0.6158335561659579;0.591484905346539;0.5800799709797059;0.6016495806945887;0.6422562682227511;0.7225579176252921;0.6021177241318696;0.5094343333950982;0.5211944171710073;0.6328417340785465;0.6414059973975744;0.6915160071262176;0.6425282441921305;0.38715011859062254;0.38171197071899515;0.2819359397651037;0.2941691460368893;0.29697359853386407;0.29963285097568043;0.2245024972314444;0.22984239309855733;0.23931156851373658;0.6579667957149834;0.4092413196259989;0.25991971636832795;0.2786094616019393;0.5804669940913934;0.25991971636832795;0.43193894997701887
16;-0.7213373939140494;-0.4363002123075094;0.8927734759950144;0.8754423464108095;0.9579543464159759;0.974203516305375;0.9796896361369404;0.9692332135737588;0.9615066932372038;0.9699801762198478;0.9654034740581018;0.9413788795311206;0.9913527973871936;1.0;0.975573909148201;0.9707915951477334;0.7187267417487444;0.8250472701787667;0.9288558059407281;0.9092326182679351;0.9415011820488808;0.9329551527195028;0.9095723361224771;0.9437647332457154;0.9604653095271063;0.8930560859996366;0.894849068156638;0.9329254259493991;0.9168476601223553;0.9323323902770276;0.9297150101428772;0.9368663176614106;0.9180964048760815;0.9044851108926788;;;0.8073038876691891;0.8237897322941572;;0.8804761933821361;0.7640138322311184;0.8129389794661703;0.6156760823808495;0.6156760823808495;0.5870625717528625;0.5825505850265623;0.5823679176469277;0.5829766922012884;0.5835812697667971;0.5813756149389601;0.606739090310386;0.6359322878892313;0.6351929090815732;0.6319240949705588;0.609829914611769;0.5981652178994897;0.5944023778896996;0.6341341506173926;0.7085864883331456;0.5949408345973127;0.5102838098804423;0.522358087985987;0.6284374939619529;0.6375055323392147;0.6908202527352776;0.6502119374188279;0.3949503808100657;0.38972737710343824;0.2952111913317716;0.30550542004802106;0.3082346251655924;0.3106195913884683;0.24051090473291759;0.24625698266711862;0.2562606815827152;0.6445081836192189;0.4079191076066377;0.262931523563322;0.29005871875375927;0.573345617226158;0.262931523563322;0.46241838246346356
17;-0.7363970477200683;-0.5291664561126078;0.9017491169344551;0.8899149269682378;0.9783189253853527;0.9854128390414703;0.989989136735818;0.9942078120857769;0.9933408021512442;0.9973215946380729;0.9975772048166279;0.9646915531463814;0.9680941743434271;0.975573909148201;1.0;0.9885504513210587;0.7721711723298076;0.8891799859583076;0.9698910093283047;0.9418785958381489;0.9796958924451856;0.9668830605678417;0.9504228888366046;0.965728662145507;0.967190630847742;0.8581578755964012;0.8541061606922796;0.8879508361776368;0.9065954109864454;0.8997040844437852;0.8996325693360226;0.9145610979903006;0.8920575751850455;0.8745226469467894;;;0.8044152919897581;0.7967809654092207;;0.9120620764122909;0.8273882604708165;0.8691197719524886;0.5986583375209658;0.5986583375209658;0.5787672380225691;0.5776744151396388;0.578221272831982;0.5791596413034941;0.5805822608933435;0.5795326817234837;0.6070978927195136;0.6317612390575668;0.6312970214556348;0.6299664635203044;0.6097207992690861;0.598416982835358;0.6090178779854833;0.640161779994971;0.7236351978253636;0.6093592289509077;0.5019448934888734;0.5190762695093571;0.6358970819061471;0.6459433447704488;0.7081899620536388;0.6579601960838756;0.37178605864643594;0.36665776118162974;0.2741393778199781;0.28396877106555274;0.28682988753730426;0.28920926170003936;0.2069115648602097;0.21415994244544817;0.2254931257233816;0.646834675638059;0.37233652677204326;0.23326712776380215;0.2841472991421205;0.5324980586624243;0.23326712776380215;0.4429108875336648
18;-0.7451981286506114;-0.518080472940407;0.8825543006021777;0.8691135460825443;0.9588023337261318;0.9731001961136216;0.9923345834344064;0.9773255451386984;0.9763188899168824;0.9823999863281677;0.9819022202503114;0.9631057660148353;0.9723740025262899;0.9707915951477334;0.9885504513210587;1.0;0.8135398701550199;0.8942795658887622;0.9793172030988282;0.9532664683084625;0.9788605387520388;0.9738997855815679;0.9562450960282765;0.9863250523612775;0.9881344825411749;0.8453900034347138;0.8282194562697371;0.8869339635224552;0.8763387060351933;0.8884338924153209;0.8952508884579855;0.931889423525298;0.9169818846021539;0.9060415634518718;;;0.7789010979711212;0.7794545706524477;;0.9419065450947259;0.8455278660802302;0.8909457996075046;0.561887454108601;0.561887454108601;0.5433474503828094;0.5414278925406177;0.5418029959290643;0.542609981193203;0.5437923774987777;0.5422929119261966;0.5704718920027829;0.6118534130854119;0.611227453664232;0.6095986037027947;0.5732858127475624;0.5576204388058148;0.6134411149822282;0.6409902396068654;0.7308043243581736;0.6140157840854726;0.4884722231528469;0.5057098273818487;0.6360417387520646;0.6450028092309947;0.7001137323075005;0.6350976408034815;0.36183081962712166;0.3561250385404899;0.25604667168381506;0.2692621146413051;0.2722979011502922;0.2752180763412193;0.19610389665662745;0.20328377358328717;0.21414697227498913;0.6626944567309367;0.416455519547384;0.28503801805587126;0.3193456517074723;0.5627284949568112;0.28503801805587126;0.3968220467568333
20;-0.45771937878736535;-0.7209487842566057;0.5593860257160356;0.5680743840320759;0.7366093992098581;0.7741462235123664;0.7966355532081819;0.784257151259147;0.7929377070349868;0.78571602941243;0.784018171381617;0.757628812095314;0.7265531177362704;0.7187267417487444;0.7721711723298076;0.8135398701550199;1.0;0.9048320854813681;0.8668865249999025;0.8698976932043325;0.8508330340530358;0.8758897628797693;0.892673840563192;0.87445902644495;0.7776399920306971;0.4313904258866107;0.4150708550893163;0.5346180192504291;0.5950889749187432;0.5400716340026176;0.5349025583877599;0.608422725339885;0.5934077320415752;0.5845927343858144;;;0.3900696915384219;0.3555227916500515;;0.8894102205051438;0.9254327152778823;0.932978664756641;0.07724533068393895;0.07724533068393895;0.070187273703453;0.07838650057746185;0.08076353956872896;0.0823597240592536;0.08582236806313652;0.08859620765988468;0.12314008749562746;0.13735702985579876;0.13722743493880485;0.1354952974058264;0.13284070429456066;0.1255126507626978;0.2120584375829476;0.2411694590456063;0.3929665716068425;0.21280169409049893;0.12265665973881416;0.13265855819592812;0.2447748161862458;0.25294289256542707;0.3194032653501991;0.2204971588343861;0.023761424494701623;0.018920753663065993;-0.07888542807183485;-0.07510148888213229;-0.07254337889111513;-0.06988315328784589;-0.1346185807213179;-0.12519958253001653;-0.11303292745894239;0.3061582733759293;0.08396993996843612;-0.03154275844739404;-0.020280811287270134;0.2347037937856223;-0.03154275844739404;-0.040265582743553574
22;-0.48853805780102694;-0.798522215288049;0.7305670410009837;0.7386206171579236;0.8782793884175264;0.8844905453833382;0.8884660870836883;0.9128534298277117;0.9196294813065643;0.9085298733878663;0.9087762276935897;0.8508278646461618;0.8141302189806399;0.8250472701787667;0.8891799859583076;0.8942795658887622;0.9048320854813681;1.0;0.9416676380107284;0.926481632787125;0.9503228692570884;0.9602025609583104;0.9703161330334181;0.931698622932963;0.8336790856856725;0.5379435980115274;0.5402361641618403;0.6292872413014823;0.7237708007162104;0.6481897216418802;0.6436237152234769;0.6925996894743113;0.6667553960892149;0.6498498112095411;;;0.4987679473580472;0.4696687488547421;;0.9086142973729815;0.9676007484165084;0.9572252238665918;0.25598729237817697;0.25598729237817697;0.2553704922444407;0.25414518956448007;0.2550085244076388;0.25655472200383206;0.25880915647911334;0.2580105945734187;0.29139169052275643;0.32403570503514223;0.3285785477147676;0.32811806578050207;0.294740592241792;0.28205646260752;0.3738812990603043;0.3972153584457433;0.5169268666171225;0.37490800720450074;0.2099879951284475;0.22875404831022245;0.37243527378218566;0.38309682295985986;0.45796877088626853;0.36187928290893967;0.04152057489126873;0.0355889733922228;-0.06509566395594467;-0.05749622665755151;-0.054631854406256807;-0.05198101654983841;-0.14000989452434628;-0.1304284055379736;-0.11660827624452223;0.37874313802581927;0.10048447507029167;-0.027301049753905477;0.00678540650072583;0.2666366923690711;-0.027301049753905477;0.12437312263733508
23;-0.7007223594892914;-0.6621851060640941;0.8356844878591068;0.8205919422290472;0.9611334984139421;0.9693053442185467;0.9817072026763682;0.9739593227579624;0.9759224382668722;0.9738624926171944;0.9738645368787503;0.9621837117388415;0.9380725298608062;0.9288558059407281;0.9698910093283047;0.9793172030988282;0.8668865249999025;0.9416676380107284;1.0;0.9843727130895927;0.9945809572829132;0.9929941311070057;0.9838035986687383;0.9879129687347296;0.9484801735130307;0.7490375635879024;0.7300209030143455;0.794842347458924;0.8192675971854777;0.8036928435319732;0.805840833696362;0.8553220693508451;0.8378901555420831;0.8242283304966368;;;0.6879856043673827;0.6732341752034722;;0.953075880337951;0.9157733480245578;0.9475837287259181;0.45192584481877385;0.45192584481877385;0.43359928786360924;0.43275233697690035;0.4335404320123407;0.4346435251909684;0.43652060321998565;0.43564085887587806;0.468178990233964;0.5130192282478514;0.5132558203908851;0.511412678359544;0.47137794909833264;0.4580017203066623;0.5249930823227416;0.5575399131676438;0.6753281728306771;0.5253654413474524;0.38003614822401605;0.3982189828576481;0.5433791840562161;0.5540448416107778;0.6224446509327769;0.5411100778158399;0.2596510621242381;0.2530192432984472;0.13850553393050674;0.1509322683588097;0.15419318712861912;0.15744793276682748;0.06345193360433996;0.07241280117960519;0.08562953689884135;0.5750530749579063;0.3049103125291025;0.15930640042208008;0.19938424132207544;0.47926975960449725;0.15930640042208008;0.29303515846647954
24;-0.637009196135829;-0.6781977078772442;0.7598107648144696;0.7381315971406057;0.9472722977821697;0.9613882664008572;0.9678177010348715;0.9500935156871597;0.9489267612711717;0.9468682068493552;0.9458382107392007;0.9446913334632313;0.9251385273768408;0.9092326182679351;0.9418785958381489;0.9532664683084625;0.8698976932043325;0.926481632787125;0.9843727130895927;1.0;0.977039514687948;0.9825720428491991;0.979427989427577;0.9799494031807815;0.9124844223011752;0.7063555189403681;0.686642134395887;0.742681443812656;0.7749826815441012;0.7537680935118937;0.7505697892459203;0.8054306823571906;0.7928822483306899;0.785403371801182;;;0.6283030283369733;0.6062833576348692;;0.9217593109597872;0.9364220690413594;0.9590964073983197;0.34884978781364057;0.34884978781364057;0.3251685786687773;0.3222003249638901;0.32273927159942534;0.32385077390140643;0.32561416963734774;0.32423640933958564;0.35832108448015576;0.41653791065386603;0.4181314536399162;0.4160164424106761;0.3570701944946012;0.34295190840488177;0.44381239741511;0.4722903336432713;0.6054282500537979;0.44402661427952106;0.2730917169227985;0.29107586073373987;0.44941490992114913;0.4602153092652638;0.5271579111572299;0.43323580099919323;0.14498567868636728;0.13820697468002602;0.022181200122267746;0.03392608684368487;0.03706093038994314;0.04014138255930949;-0.0550353049598847;-0.04717422101292199;-0.03527087031040945;0.4912924169477878;0.2150327765379296;0.06105693099835473;0.09348944100303151;0.40785677325042186;0.06105693099835473;0.17932042305311427
25;-0.6754118660115337;-0.6563735213831512;0.8455608939872034;0.834582252290913;0.9731723167134274;0.9810943266045389;0.9836361833210581;0.9877919138347124;0.9891833680412876;0.9854372246731613;0.9850044184958103;0.9611994230105967;0.9435214594149035;0.9415011820488808;0.9796958924451856;0.9788605387520388;0.8508330340530358;0.9503228692570884;0.9945809572829132;0.977039514687948;1.0;0.9964204789265508;0.9900981370765738;0.9847513745521231;0.9435390697900399;0.7566569285495014;0.7516558951812845;0.8049176155870612;0.8558189172155252;0.8242185663184619;0.8203019532887851;0.8534441088553489;0.833346015188628;0.8168456987661197;;;0.7031384245224911;0.6833548968983965;;0.9330819335408255;0.9122614975757675;0.9414987001039684;0.4614238053938614;0.4614238053938614;0.4445437477364549;0.44380083706782264;0.4446545188925004;0.44587630471827244;0.4478367586649759;0.4471497984996653;0.4788806061056689;0.5110623956469036;0.5116190314934892;0.5105508560434299;0.48140733793925783;0.470298554788922;0.5178145173681508;0.5519011231873484;0.6622811834437426;0.5183595001038461;0.38386828327154615;0.40143232862078915;0.5368380099977966;0.5477036847506458;0.6179203316018808;0.5442708624948375;0.25178386315649537;0.2457451867231514;0.13811444766046235;0.14766136471566438;0.150758663957282;0.15350916570479403;0.06106257254347739;0.0696641457900776;0.08269562933085052;0.5593935973514541;0.27777611786999534;0.1302981651323127;0.16853066113007734;0.4568200142376165;0.1302981651323127;0.3067727188058095
28;-0.6459860909466685;-0.6741811606633071;0.8164997063394343;0.8066577090405779;0.9594439876722226;0.971594413647309;0.9777190850483676;0.9759663866523864;0.9765497536520762;0.9731113340083296;0.9720996648033553;0.9508570420803011;0.9364895313636131;0.9329551527195028;0.9668830605678417;0.9738997855815679;0.8758897628797693;0.9602025609583104;0.9929941311070057;0.9825720428491991;0.9964204789265508;1.0;0.9959578736384967;0.9910784420887783;0.936282320913475;0.7243351928654137;0.7171431103379724;0.7857034318090541;0.8304101788469429;0.7985975509337164;0.7953527590058213;0.8367899037134403;0.8177188878601354;0.804571029675231;;;0.6620609899185955;0.64605023936173;;0.9418238357921246;0.930415624573035;0.9580272396634887;0.41752898855983345;0.41752898855983345;0.40264783242490076;0.4007424726471137;0.4014164805466718;0.4026340878538626;0.4044439644368795;0.4032758698089308;0.4356798296674383;0.47569607661645863;0.4774334128474377;0.4764003658350607;0.4373596218868018;0.4245111998154512;0.4840181548310156;0.5138414099027929;0.6336627242889333;0.4846011677007949;0.34028188490900957;0.35815524458287273;0.499522571431344;0.5106352144169058;0.5807262406355709;0.5015230157898141;0.2150422814951592;0.2088980523690473;0.10035622108629638;0.1101027731451978;0.11311248384670015;0.115909200864176;0.023155124004752104;0.03137566781678386;0.04382284344610328;0.5279315347934835;0.26516170507118225;0.11598713768516268;0.14256488553910532;0.4475075610608959;0.11598713768516268;0.26567159294061754
31;-0.5922199018809376;-0.699278668572756;0.7783885081962059;0.7719476537965446;0.9479282645521822;0.9610743722970829;0.960192677272831;0.9638512803126966;0.9647577418944167;0.9586433871695206;0.9575356499097635;0.9378454374566076;0.9148486022144586;0.9095723361224771;0.9504228888366046;0.9562450960282765;0.892673840563192;0.9703161330334181;0.9838035986687383;0.979427989427577;0.9900981370765738;0.9959578736384967;1.0;0.983259600401689;0.9145396218639404;0.6809787911302321;0.6806933384852514;0.7442979538442411;0.8221517588394026;0.770821862691513;0.762330709030404;0.8014639573060067;0.7846195187690337;0.7719680414614069;;;0.6311235076321203;0.6004896881658577;;0.9237698466939286;0.9482847282416961;0.974274713361388;0.35643205436190334;0.35643205436190334;0.34411951569105215;0.34290114492727375;0.34377150708423043;0.34510670071565847;0.3471428181415176;0.3464446705635257;0.3792219721631255;0.41186280226802946;0.4137446640622557;0.41324034498460843;0.3803218457457982;0.3689743164603766;0.4342775623794092;0.4634001321903131;0.5842654203628939;0.4349882759573328;0.290799473577561;0.30810956302091974;0.4460245798360017;0.45682859277158483;0.5279900263754697;0.4455505118471659;0.15056486848893869;0.14490042667834874;0.0413158760182147;0.049494039702584175;0.05239472475624494;0.054967654651530196;-0.03577602873532101;-0.027573627505667258;-0.015183353002365212;0.47091499152047056;0.19265986707997174;0.04548322094794122;0.07294423292906368;0.3779810262727022;0.04548322094794122;0.206896738894754
32;-0.6705080403872157;-0.6012224377443596;0.8132104292058144;0.8004987801154352;0.9461925697547483;0.9653681334657971;0.9824454528571499;0.9632439558987237;0.9618172967754327;0.9642555973324457;0.9628703220610969;0.9528488913656363;0.95245812384424;0.9437647332457154;0.965728662145507;0.9863250523612775;0.87445902644495;0.931698622932963;0.9879129687347296;0.9799494031807815;0.9847513745521231;0.9910784420887783;0.983259600401689;1.0;0.9630869605837946;0.7608488192939988;0.743702810416921;0.8180576514688696;0.8298558263294207;0.8231275161445882;0.8258404315783752;0.8761599244781119;0.8643374301746345;0.8576218560373684;;;0.6882478608966092;0.6800118628965958;;0.9498461875207572;0.9085526954218833;0.9467278334578019;0.43818478668489763;0.43818478668489763;0.42204158362509736;0.41902602552089857;0.4193729569152382;0.42031620826031363;0.42161013212490955;0.4198405247530687;0.4507783076480075;0.5024511651009999;0.5035595949561033;0.5022307516104375;0.45201247338597544;0.4353996280752268;0.5170839713451864;0.5412568802980535;0.6540464899914279;0.5177249654972912;0.3690765126172712;0.3868581391945824;0.5309759316218491;0.5406988506144029;0.6005514265120607;0.5200105492523165;0.24632550015517296;0.2403106880653666;0.13472844295558242;0.147319242619319;0.15032332311164323;0.15332660044351323;0.06896230529216113;0.07625253171827985;0.08719602919884588;0.5675082842322907;0.32802600363087503;0.18866763959720684;0.20977767363263186;0.49206262632331077;0.18866763959720684;0.2764698387321981
33;-0.7854480002156803;-0.4103886775686782;0.8903699769540807;0.8762523300893093;0.9320093742524916;0.9467452716725288;0.9715353852577974;0.944873598040975;0.9428371964248391;0.9521442654434313;0.9515368390248518;0.9570787494514205;0.9704233896927006;0.9604653095271063;0.967190630847742;0.9881344825411749;0.7776399920306971;0.8336790856856725;0.9484801735130307;0.9124844223011752;0.9435390697900399;0.936282320913475;0.9145396218639404;0.9630869605837946;1.0;0.8837673659980069;0.8626895328482926;0.9214504425241292;0.889024359659019;0.9227744241288575;0.9332954428457337;0.9689163716728476;0.960807608110163;0.9526678165516439;;;0.8307776919927351;0.8336451679886975;;0.923315439225385;0.7760024706596326;0.8485519445375409;0.6160479255764031;0.6160479255764031;0.5986473183931461;0.5982548164891178;0.5987759895958985;0.5994199201782402;0.6005313399159216;0.5996801638505548;0.6248640801800666;0.6539234704973529;0.6509347798981177;0.6490405786321789;0.6279681937539685;0.6129298058616017;0.6671675787597106;0.695746833587078;0.7676323569420599;0.6678168842205272;0.5698232140673328;0.5844686774825671;0.6976040576342514;0.7045132461383563;0.7480678136339988;0.6914718774737774;0.43783606058064345;0.43279639669120284;0.34030540904389484;0.35527932611110646;0.35818593931241044;0.36117370091926115;0.29209179335305846;0.2982303088031899;0.3075735137522143;0.7250609418164049;0.48674623846320947;0.3671659602505555;0.3945330945059292;0.6113737967760753;0.3671659602505555;0.44620868025171
34;-0.8440797642092861;-0.05259101892311594;0.878382011583952;0.8502916764804874;0.8286291943938117;0.8347266040502903;0.8453230069548175;0.8180184794255917;0.8101519067830943;0.8284921555198326;0.8285484955628438;0.8416861221267298;0.8953671639957338;0.8930560859996366;0.8581578755964012;0.8453900034347138;0.4313904258866107;0.5379435980115274;0.7490375635879024;0.7063555189403681;0.7566569285495014;0.7243351928654137;0.6809787911302321;0.7608488192939988;0.8837673659980069;1.0;0.9888104258602253;0.9681011600132172;0.8825113530525113;0.9650547458491233;0.9737726817879128;0.9533937296050314;0.9443159364477249;0.9327027439824739;;;0.9511383442511946;0.9734662693611312;;0.6887584828071752;0.45014879774438377;0.5450516388572892;0.8221525429044753;0.8221525429044753;0.7908609706309607;0.7912521071964465;0.7915803025815812;0.7917787456213622;0.7922771422479199;0.7919504345446655;0.8055688777909583;0.8057029945343158;0.7990737418382214;0.7973144458901622;0.8042146517007432;0.7967620785177222;0.7669555088725333;0.7992253999941259;0.8133206337154424;0.7669226491897142;0.7448074299498022;0.7541716754682747;0.8127704571781483;0.8176024987089854;0.8392028414218882;0.8386827513130033;0.6441229351509756;0.6410482376950242;0.5790451035697927;0.5900775079654684;0.5922210541736715;0.5937844816817993;0.5427772161733715;0.5447562016597907;0.5492743650871029;0.8289851128932171;0.61708470908797;0.5117481518512558;0.5429449499241181;0.7120711359952288;0.5117481518512558;0.6584698580566276
