;SE/CO;mlt;129;130;134;135;141;144;145;148;149;154;160;161;183;196;197;198;199;201;203;205;206;207;209;211;225;227;228;229;230;237;238;239;240;241;122;123;125;Vazão posto 122;Vazão posto 123;Vazão posto 125;Vazão posto 129;Vazão posto 130;Vazão posto 134;Vazão posto 135;Vazão posto 141;Vazão posto 144;Vazão posto 145;Vazão posto 148;Vazão posto 149;Vazão posto 154;Vazão posto 160;Vazão posto 161;Vazão posto 183;Vazão posto 196;Vazão posto 197;Vazão posto 198;Vazão posto 199;Vazão posto 201;Vazão posto 203;Vazão posto 205;Vazão posto 206;Vazão posto 207;Vazão posto 209;Vazão posto 211;Vazão posto 225;Vazão posto 227;Vazão posto 228;Vazão posto 229;Vazão posto 230;Vazão posto 237;Vazão posto 238;Vazão posto 239;Vazão posto 240;Vazão posto 241
SE/CO;1.0;0.11520377676073802;-0.787668899565912;-0.7079801591665842;-0.6738511657446771;-0.2788610183520972;-0.6317956042048799;-0.8117412752815113;-0.8078593158340925;-0.795956724171653;-0.7967030788475098;-0.8837704964220149;-0.6747377465988809;-0.824000253149361;-0.6375360662571855;-0.8632853950575528;-0.7346759386671984;-0.7051304873264798;;-0.7963757146059717;-0.5774627374964078;-0.5790763498641429;-0.8988634236308942;-0.8808587337206649;-0.7055990163060637;-0.6516124921278666;-0.6998564202600447;-0.8509518976533068;-0.6544905919581855;-0.8807421453360558;-0.7113809245201327;-0.8908175368475414;0.2993484115743907;0.3837478698620993;0.03476168486152939;0.5620282985749284;0.5210067467713355;-0.6454363026840821;-0.13620375643640362;-0.7046178307867619;-0.7259318406815105;-0.7442616420154093;-0.7662369756082941;-0.7661593434684616;-0.6231225762544018;-0.833949731791111;-0.715432898746748;-0.7419174791563695;-0.9374598378218747;-0.7362224986811423;-0.740417015513542;-0.8460660775312542;-0.6254617630027112;-0.53807470499146;-0.6573152805809084;-0.7784170288935719;-0.8045007473321363;-0.762030123431807;-0.7661162870557395;-0.7332506887820969;-0.7302984524287558;-0.9311901457371633;-0.8249881221860507;-0.8261973670204499;-0.9387097720607658;-0.777594680821254;-0.9115082647969207;-0.9140323336799504;-0.9085201997323178;-0.8987254751476583;-0.8975300482329476;-0.6325355429276602;-0.6406591465235227;-0.6478357489891879;-0.6179865769277411;-0.9329505373586503
mlt;0.11520377676073802;1.0;-0.4261372926035437;-0.6432785184694588;-0.6780654275970568;-0.8564648980502463;-0.7500484287698572;-0.25002530803219264;-0.32171478091107675;-0.37962048410163585;-0.4271194912007749;-0.010233082890620741;-0.4942219309638409;-0.5631834488934904;-0.7774185091193698;-0.28096094473278427;-0.6925996691298177;-0.7575612187192186;;-0.10964778993798234;-0.8194808181056029;-0.82863735284341;-0.46632062736607616;-0.4433817493879383;-0.7535752568847629;-0.5604487433125022;-0.2894470484164124;-0.21171140790828327;-0.3371214133658163;0.05068264103262257;-0.7652986864555785;-0.2622490182656138;-0.7048609338017728;-0.3887428288928689;-0.8324137269195199;0.4039795824950164;0.5696508982248198;-0.6576882330752496;0.08217812184273783;-0.003216409332408766;-0.042510090570820044;-0.07616561179796637;-0.15271494327365723;-0.15707511540371502;-0.028425461129931537;0.22215399087842258;-0.10574834334066874;-0.14714658900394806;-0.24144509952173332;-0.13780524724194407;-0.0521173095011402;0.00306714321463481;0.2859021341379312;0.46232300642873886;-0.15110829324174327;-0.21590142686988656;-0.026179384299969542;-0.18653426616102434;-0.1564916520779131;-0.4241297168560427;-0.4448127866548444;-0.1131539387743626;0.2612848048857183;0.2568043356144684;-0.13384132426454048;0.09123663679780124;-0.22649438098592067;-0.33410066605907135;-0.3246237952267913;-0.39856887655534806;-0.4009598713680604;0.3746185542597757;0.35136946958741344;0.32773341805961903;0.35759196192819986;0.05009410252727935
129;-0.787668899565912;-0.4261372926035437;1.0;0.8479149218314325;0.8826911331137577;0.5737556518626383;0.8384020516032876;0.9199529104495628;0.9366155729609106;0.9421880822909671;0.9384374963087523;0.8798690740281564;0.7620107005675004;0.8987611619366412;0.8063810256718162;0.9667372970319433;0.910544528549866;0.8549151648843821;;0.8668932951089048;0.6922265887142107;0.715033610989604;0.9311269465991939;0.9532213565595261;0.8372674961777881;0.8146164562408978;0.8706091712437407;0.9520750957476009;0.8792719936259218;0.8382924192788644;0.8365828484526269;0.9582821126739851;-0.09763512638851593;-0.23179100968446215;0.2128540202412306;-0.6659295587484094;-0.7061105489011721;0.8427184047239062;-0.05195179618661498;0.727746466045981;0.7553622522518006;0.7778535152025277;0.8088186897679;0.8113890531348129;0.6597564386722966;0.7504957064731709;0.7518988930893743;0.7809299864628829;0.8443230140388187;0.7745685983688505;0.7117076330441903;0.8314608294344624;0.5220517672978049;0.3126054129489297;0.7407620302998057;0.7019693250222044;0.800485904658827;0.792130489128842;0.8112708585616064;0.8567690324155379;0.8538796486333826;0.846355818909758;0.7181469074411095;0.721444086944718;0.8558405777057334;0.7817746903344809;0.8768198510467877;0.8609885985632633;0.8562542715252734;0.8327954592678892;0.8310107787001682;0.45541789369870544;0.46370254640737235;0.4717252447190453;0.4501363372116381;0.7731132803002083
130;-0.7079801591665842;-0.6432785184694588;0.8479149218314325;1.0;0.9866887841101916;0.828656614227007;0.9750456076759433;0.8633899308333918;0.8971917906375398;0.9215013182202613;0.9435277371165838;0.6712812869133777;0.8641200139425617;0.9314563018644408;0.9178627720973165;0.8104269878200834;0.8965219857519191;0.9318440378733449;;0.6205256971755606;0.8190003903830112;0.8306280214748696;0.8515793959375817;0.8893930381979405;0.9369362739312258;0.9565646705532889;0.6926003042497385;0.7693396046873762;0.6214964352079291;0.563228651113993;0.9124331349619752;0.7855921780535841;0.2938584290291205;0.11229216447695736;0.5999209356393483;-0.4997792676621435;-0.6563627939023348;0.9810217224972728;0.24217658513793522;0.4952562439860258;0.5439474053203339;0.582859848158838;0.6467940733199836;0.6476929706899361;0.49537051585065445;0.4427983310413516;0.5825484357664766;0.6107241473778058;0.7534554441958604;0.604493673985046;0.541230801916931;0.639258852664117;0.26103671327421196;0.09629193651585281;0.5926116246036823;0.6223671932291083;0.5874089486459535;0.6502573288876012;0.6474338643390464;0.7886581872847683;0.7983513780018241;0.6588623300768753;0.38657307266015317;0.39039905710495393;0.6866436459474947;0.49106143919083683;0.7695306539131007;0.824337211042526;0.8058650906019854;0.8422351142580428;0.8431469375469188;0.20016853084564018;0.2154817950912363;0.22976974696642002;0.19997959689294104;0.5816302978664313
134;-0.6738511657446771;-0.6780654275970568;0.8826911331137577;0.9866887841101916;1.0;0.8467098304074537;0.9863517729200515;0.8558213797717725;0.8932359815699759;0.9199875998880602;0.9397970458253863;0.6601944269109584;0.8619019131972807;0.9157195923320619;0.9195666320761346;0.8263386306390265;0.9110335730291167;0.9350384784071499;;0.6449990929881717;0.8306819368805587;0.8407622325125642;0.8522927023944616;0.8821542495906594;0.9309989102436601;0.9402829146557335;0.7475749908788989;0.7903096599815559;0.7067482670045054;0.5653700125228389;0.9138886878253658;0.7912639430959366;0.2949530998972171;0.12363292925129428;0.5909647925522981;-0.5097591934639754;-0.6676610737738669;0.9805341876724626;0.19157154152771894;0.5084470222157019;0.5422154981104471;0.5754008977567318;0.6358390801655558;0.636304756680033;0.47043520622176144;0.44010508522746206;0.5625947774606292;0.5959725952010785;0.7323497296678232;0.58845251685168;0.5157881657342218;0.6204011841359535;0.24368680193068618;0.05738226545830665;0.5712899742080711;0.587733981728707;0.5739448685790837;0.6296788078744153;0.6360255811681355;0.7919006721526137;0.8001377288524121;0.6495147407949282;0.3897775485564822;0.39396098238439703;0.6707222925487653;0.49358351921438737;0.7409887803934347;0.7885673038592663;0.7725387039857908;0.8013458787779816;0.8017215009083584;0.1836572015600733;0.1997053146568216;0.21571197073030707;0.19037501191363204;0.5601659763996986
135;-0.2788610183520972;-0.8564648980502463;0.5737556518626383;0.828656614227007;0.8467098304074537;1.0;0.8933861353858802;0.5178721997585297;0.5791459238899047;0.6278351599262295;0.6671010084156587;0.23295173727358737;0.6947360163155073;0.7072675128002771;0.8549818365421231;0.4292374575061374;0.7204469929627948;0.8066362691971707;;0.3352488602295163;0.837381059665386;0.8390395464291728;0.5393567169839002;0.5580004854805581;0.812591832590383;0.7919873128599771;0.4969827256325632;0.37967526521381806;0.46681176044406014;0.08428715608713468;0.7826655318669286;0.4111726242061417;0.6093242128610684;0.5270913795244772;0.8217799156012928;-0.3149378113409761;-0.4821575930076973;0.8654118163019155;0.1886092751353691;0.04430182302357849;0.08034945341692863;0.12266220627382435;0.20683354406981933;0.20954555490986443;0.13460201855958978;-0.047189836359860245;0.2068869269459385;0.24376043762160002;0.3495272599652201;0.23557287895846238;0.1530005380278935;0.18290344507084585;-0.2023546085672163;-0.3376569687046981;0.2312321353533696;0.30549854139527544;0.12153774998290262;0.2360818661289285;0.20912335346902647;0.5106214195305583;0.5243837658451461;0.260160083007515;-0.06809504038907604;-0.06445348405354179;0.27972192830188836;0.01170160796364534;0.33449335464085583;0.44117071926463824;0.43278965745326664;0.49031515045965246;0.49290910164320884;-0.28499092949585786;-0.2689672482218222;-0.25286488397220125;-0.2739654827284838;0.11884408986624573
141;-0.6317956042048799;-0.7500484287698572;0.8384020516032876;0.9750456076759433;0.9863517729200515;0.8933861353858802;1.0;0.7911944892549252;0.8372791749848446;0.8702365276129571;0.9012463080199329;0.5942958190901885;0.8537559891837789;0.9229664399058123;0.9589887027315437;0.7592684861948427;0.9195747476960087;0.9577195680844562;;0.620579966202799;0.8931864130755767;0.9018018623087428;0.8354907977750207;0.8493781602339354;0.9557228685140436;0.9436204381531842;0.722696494056896;0.7136882848112259;0.6772597886996741;0.4851649029482806;0.937811211090156;0.7403158127338324;0.34373100653193367;0.2061191566181557;0.6392412045674926;-0.5045773937427929;-0.6559165247388515;0.9859394166262071;0.12372081899172593;0.42641317445422927;0.467207665526741;0.5048022378910025;0.572636712806573;0.5729587660152492;0.41512502853375854;0.35591927561835635;0.5106900507040896;0.5469746201920549;0.7029582658037078;0.5390075175736853;0.4723907036335766;0.5437982374289516;0.1738161589944072;0.0005807736397378668;0.5196458585990836;0.5778494894370676;0.505285685671828;0.5778538327692809;0.5725953830310593;0.7712457893293928;0.7802775280379635;0.6062551721220231;0.31277002938826387;0.31687646033405426;0.6294443700998428;0.41089346077980127;0.6924736960676448;0.761274715501232;0.7477707327155522;0.7859253638916439;0.7869923916864368;0.10813676347259858;0.125503482383743;0.14254770788414542;0.11232712785051148;0.5099117495863454
144;-0.8117412752815113;-0.25002530803219264;0.9199529104495628;0.8633899308333918;0.8558213797717725;0.5178721997585297;0.7911944892549252;1.0;0.9965883388059588;0.9888400815775298;0.9738487376442941;0.9184487203372815;0.7261295434835051;0.8636990919253321;0.716851538247981;0.9399751190721966;0.7933894292915941;0.7572756621810217;;0.8144839873909894;0.5403478541077286;0.5628537520898784;0.855827859153652;0.9201258788215108;0.7520915589134601;0.8496112839706238;0.7439190594946411;0.9312326270232177;0.7135862652585996;0.845930550757934;0.7278394942697128;0.9110156218268692;-0.1663974077730275;-0.25659893856672344;0.16290319633714598;-0.5861895049549729;-0.667345792149575;0.8428562110937122;0.20018820641125948;0.7624757790663215;0.7851651889208999;0.803719810697635;0.8221044470590154;0.8171013424853544;0.6523007574462127;0.7803919850546569;0.7116254947999513;0.7231724085059884;0.8514021484039359;0.7206156885205254;0.6701586582096295;0.8692990786763016;0.6067104658003246;0.43270200703966183;0.7064182740405366;0.6354141627342741;0.8008142876030283;0.7743461199539986;0.8170483566593029;0.8378784926318046;0.8382632390505366;0.786173029110929;0.7022965622316806;0.7041476785291357;0.8110924666440233;0.7744876088695843;0.8939914854902721;0.8735344124042205;0.8523515746689223;0.8419752689351948;0.8409739741795059;0.561168020511878;0.567165630532204;0.5716679092907855;0.5545295246624283;0.804587446943466
145;-0.8078593158340925;-0.32171478091107675;0.9366155729609106;0.8971917906375398;0.8932359815699759;0.5791459238899047;0.8372791749848446;0.9965883388059588;1.0;0.9975959355046498;0.9883828390338557;0.9020926834505054;0.7630114949178046;0.8944826136233658;0.7678745207828228;0.9414380519397143;0.8326688320102952;0.8034267077207079;;0.8154475384327006;0.6028953724346663;0.6243048743972248;0.8763415260213978;0.9351341919709389;0.7983605598593401;0.8810023195725184;0.7670748248473066;0.9278327406288458;0.734704482439295;0.8223010666694768;0.7743268981448495;0.9151956777527522;-0.10810256965075776;-0.2036477586877914;0.2253066990083168;-0.5943162244150744;-0.6821973069125777;0.8813856493317866;0.18327145585616617;0.7389408789528334;0.7654091316331885;0.7870998801817022;0.8126689992769913;0.8086277969103606;0.6396145294519943;0.7484485859759178;0.7067786121388097;0.7219511139954684;0.8542057510952831;0.7186244056131206;0.6667350641900502;0.851539857494723;0.5678233940821027;0.390166946275828;0.7033930497286673;0.6474929020494502;0.786395491385552;0.7716157383936117;0.8085423616369665;0.85376643843315;0.8547700108738712;0.7864330336025417;0.6751008623692789;0.6773551490258031;0.8113891256465489;0.7520042852433184;0.8905502259881174;0.8795397664518297;0.8596273543893201;0.8537914312658049;0.852985673506473;0.5172327250686313;0.524584450650431;0.530569923012183;0.5114890042039919;0.7886379190334323
148;-0.795956724171653;-0.37962048410163585;0.9421880822909671;0.9215013182202613;0.9199875998880602;0.6278351599262295;0.8702365276129571;0.9888400815775298;0.9975959355046498;1.0;0.9956375031760575;0.880398564832047;0.7870251064259879;0.9115251721411335;0.8023570199990336;0.9341491994666413;0.8580224690458174;0.8342580144136026;;0.8032192655490392;0.6471183832416229;0.667674623197664;0.8855491559822456;0.9406362495471121;0.8301457104894263;0.9030556597340799;0.7728661974724044;0.9162525180875024;0.742933187175427;0.7955782369629552;0.8064250327052721;0.911662881543732;-0.05632482869369231;-0.1600589666378339;0.2790239409088944;-0.5973189533651425;-0.6924331719706407;0.9087054343718654;0.1757123922270054;0.714566350435643;0.7453041226379562;0.7697668181433395;0.8009237439990763;0.797637706664079;0.6313738775367949;0.7139339309773777;0.7016597755877713;0.7187351255893698;0.8482833985234226;0.7149920145140714;0.6586591945284969;0.8284255284128349;0.5337042620821402;0.35242424687673884;0.7013255843615313;0.653252045646828;0.767697455205241;0.7653322510140728;0.7975224351830275;0.8598342551172649;0.8617005682192683;0.7762201788726455;0.6423586366668357;0.6449271802720747;0.8025696441907472;0.724938831613508;0.8815521179290197;0.8791252939225449;0.8601560748636677;0.8580808570387178;0.8573651967246501;0.4761353455859233;0.48471990115696206;0.491967464033423;0.4723020655534397;0.7680758510440021
149;-0.7967030788475098;-0.4271194912007749;0.9384374963087523;0.9435277371165838;0.9397970458253863;0.6671010084156587;0.9012463080199329;0.9738487376442941;0.9883828390338557;0.9956375031760575;1.0;0.8619526493968235;0.8253357805295286;0.9357712954512519;0.8417426293405577;0.9198588109303767;0.8810898718035308;0.8651133681107435;;0.7985504637063187;0.6998147450988874;0.71816206712622;0.8984682023097795;0.944900717828302;0.8637306526783606;0.9333546362987297;0.7838202590432424;0.896453125552368;0.7428283123875011;0.7677542797958827;0.83905592576569;0.9080496057572796;-0.016271132986269678;-0.1087789205388056;0.3257165801268676;-0.5853741752240624;-0.6833047386307161;0.9369151305730508;0.15685111478652633;0.6845830723888999;0.7220966951992347;0.750341890988562;0.7872551421300827;0.7845652533956716;0.6284931553528684;0.6846416010827991;0.7015268062984849;0.7201739302480695;0.8521126724481826;0.7161662051563114;0.6589700495450265;0.8033391701589659;0.5043627472681319;0.330708798426311;0.7015506562899111;0.6748525387566321;0.7505406281242079;0.7596755852726925;0.7844246685023479;0.8632891252432924;0.8653294774435663;0.7746828579936356;0.6184433463225947;0.621261192273103;0.8032703251079374;0.6973376712525832;0.8757266173957348;0.8850732337930254;0.867555814330862;0.8696633299011481;0.8690846282543672;0.44439915427418825;0.4541354682755536;0.4624815430679774;0.4412412518979227;0.7615431841563676
154;-0.8837704964220149;-0.010233082890620741;0.8798690740281564;0.6712812869133777;0.6601944269109584;0.23295173727358737;0.5942958190901885;0.9184487203372815;0.9020926834505054;0.880398564832047;0.8619526493968235;1.0;0.6195099884123385;0.7977331177995046;0.5812107301447582;0.9246092849797765;0.7169986543863799;0.6350090720158851;;0.9067439831399119;0.42981069036403274;0.4532024780360137;0.8542912851822764;0.8872687585450995;0.628195450071901;0.6808750370805099;0.7582915359002321;0.9255712191761496;0.734219271189166;0.9648903313400138;0.6162692110086119;0.9471343347290186;-0.4718413696103685;-0.48295697305681984;-0.15756241913900293;-0.6244114554082358;-0.5825010543851863;0.651549625713791;-0.01969272191534949;0.8340716474346641;0.8629266486018794;0.8762369515681458;0.8758449908354831;0.8734047872118422;0.7302668763219246;0.9496773395998853;0.7941010024274765;0.8008662191707715;0.9045026144205928;0.7998001982402005;0.7929346367525895;0.9453044226749912;0.7813256604429982;0.65234247026247;0.7658871131939086;0.7267807898073901;0.9072411269526942;0.8379843893465883;0.8734977239162318;0.8115171639752553;0.8018768082696967;0.897935585967206;0.9055365259029126;0.906551060864612;0.9155079527709163;0.9170744197088144;0.9316795578321877;0.8775773944513348;0.8692998320325945;0.8262278468727822;0.824015524549543;0.7472701045038218;0.747286577013173;0.7453191966091288;0.7275088143945803;0.9454754812022144
160;-0.6747377465988809;-0.4942219309638409;0.7620107005675004;0.8641200139425617;0.8619019131972807;0.6947360163155073;0.8537559891837789;0.7261295434835051;0.7630114949178046;0.7870251064259879;0.8253357805295286;0.6195099884123385;1.0;0.8316403482480331;0.8383772558317963;0.7356319804698874;0.7538846742852324;0.7850256306935888;;0.6699010127047248;0.7820220981880883;0.7703779598238584;0.7542702657429913;0.7573395930751557;0.7915020741381443;0.8618953565129022;0.8325940572795092;0.7176860961355649;0.6798560237978788;0.49962633152668257;0.7664200163625182;0.7148938672491046;0.21704124306388825;0.17708817362641233;0.49344379785384085;-0.27940716439385593;-0.3924992858224225;0.8681256463454521;0.25103761867655616;0.4335195890191571;0.4255897390705377;0.44597018513558917;0.4900722876979402;0.49012912319763663;0.4176606018153284;0.4753093789116442;0.4885974940834987;0.5271047812806351;0.6636395034096056;0.5184180350452846;0.4308900011119089;0.516942786712768;0.1521845436930521;0.06456441322651937;0.4628803658974204;0.5288296005934331;0.4722224871994543;0.47440409189159605;0.49018880099723566;0.641450257526839;0.64261932485473;0.6289590878052855;0.48111274695216477;0.4844680028764944;0.6363493993989615;0.4411350500213296;0.6199046204198907;0.6548232121719919;0.6375234722491042;0.6555991008873007;0.6551822614619703;0.19637849928881598;0.20742974256912972;0.22133832324229188;0.21327393061148925;0.5625224168652632
161;-0.824000253149361;-0.5631834488934904;0.8987611619366412;0.9314563018644408;0.9157195923320619;0.7072675128002771;0.9229664399058123;0.8636990919253321;0.8944826136233658;0.9115251721411335;0.9357712954512519;0.7977331177995046;0.8316403482480331;1.0;0.9453981138208656;0.856634445001718;0.9572817065955797;0.9578119147335147;;0.7903201322333444;0.864853634954619;0.8812476935472757;0.9501702538529484;0.9551852462235514;0.9607779427248472;0.9085005061802293;0.7644543270000664;0.8118861270431831;0.7171133369238114;0.7009928266268708;0.945361453052952;0.8843296688819159;0.04510578134482977;-0.06712146803676751;0.38118040810850984;-0.6683796972198067;-0.7167094231064921;0.9270268385485251;-0.002966401871576088;0.5946536371424908;0.6510014878365541;0.6887224433142135;0.7432573492204334;0.7440028601936566;0.5692950361134781;0.6064798764913137;0.6717788485733707;0.7014017500319885;0.8855797222140089;0.6953723145601278;0.6679447518693626;0.7395761884064036;0.4279977066479648;0.2779423920639689;0.66434816017735;0.7457458956933241;0.7105889982015402;0.7495399916890942;0.7437544056851125;0.8771047847836677;0.8805756187687156;0.8001894850517682;0.5653945542214126;0.5684255085169262;0.8282666239377339;0.6329632653703708;0.8723335894369177;0.9134956379120657;0.9028070174761919;0.9219957851022839;0.9225874979607617;0.36375403735622563;0.3765107929031695;0.3873713716584807;0.3502146119271645;0.7520506856616525
183;-0.6375360662571855;-0.7774185091193698;0.8063810256718162;0.9178627720973165;0.9195666320761346;0.8549818365421231;0.9589887027315437;0.716851538247981;0.7678745207828228;0.8023570199990336;0.8417426293405577;0.5812107301447582;0.8383772558317963;0.9453981138208656;1.0;0.7170221392212508;0.9409675449939552;0.9719914535261144;;0.6541968398719277;0.9578496458050135;0.9683534130496517;0.854148350051581;0.8441318950344228;0.9740461988969268;0.8841580514344123;0.7059689518966241;0.662453449258613;0.6731888604705345;0.47028077262659956;0.9629314445285244;0.72888295794117;0.28515942973023983;0.13551337656484586;0.586723992813927;-0.6113978288430965;-0.7033916354292572;0.932719472947723;-0.003685176986717403;0.41159245945599476;0.44701698311917903;0.48247304976160305;0.5462873223783181;0.5461195380486039;0.3957573154347146;0.35820364552749523;0.48884345054912304;0.5299188249737321;0.7194807533496955;0.5210755044922856;0.449770317837666;0.499481327635048;0.15955385959607465;-0.004088682907075688;0.49057939474332707;0.5849468434508108;0.4773619246551442;0.5518781878827101;0.5457564656311288;0.7758297731392322;0.7858364467552202;0.6074306480084263;0.3211631580074332;0.32444234741603706;0.63295727909101;0.3904825432773048;0.686039903882401;0.7602137139152143;0.745837517385993;0.7885719000572015;0.7899723670932068;0.1059030253717186;0.1232531430176685;0.14025852317185306;0.10747477507491772;0.5204303226147667
196;-0.8632853950575528;-0.28096094473278427;0.9667372970319433;0.8104269878200834;0.8263386306390265;0.4292374575061374;0.7592684861948427;0.9399751190721966;0.9414380519397143;0.9341491994666413;0.9198588109303767;0.9246092849797765;0.7356319804698874;0.856634445001718;0.7170221392212508;1.0;0.8410217870659503;0.7824250915106418;;0.8519464048376397;0.579373095059108;0.6002380380630603;0.922026609198961;0.9519683870602846;0.7645672622030786;0.7616238116539367;0.829203532559269;0.9951577660876306;0.8101135792946584;0.9118523790528176;0.7680550054096174;0.9637938081997989;-0.17970250460314183;-0.36739660484798986;0.11478404893814456;-0.6272614628915475;-0.6781291539890069;0.772124524789057;0.06401565048993274;0.8099729539558936;0.8183547445014745;0.8309227551728715;0.8466313007056494;0.8465089694124751;0.6781889831992829;0.838211228130329;0.761178590179371;0.7877872219270247;0.8812643603035708;0.7817133563141178;0.7210859642504648;0.8893403921400515;0.5951052456509021;0.39673542985664684;0.7388695767354733;0.6881879613801882;0.8496903643475141;0.8116179533054445;0.846476564929289;0.8267375146648259;0.8251719951447436;0.8798991911936471;0.7942914852375752;0.796888466348824;0.8853678394163772;0.8465165070970515;0.9205897182400931;0.8875177222235974;0.8738000516562398;0.8525749914174372;0.8506245815353484;0.5730500410709146;0.5808567032293861;0.5888665608135085;0.5673620770777791;0.8340122394566533
197;-0.7346759386671984;-0.6925996691298177;0.910544528549866;0.8965219857519191;0.9110335730291167;0.7204469929627948;0.9195747476960087;0.7933894292915941;0.8326688320102952;0.8580224690458174;0.8810898718035308;0.7169986543863799;0.7538846742852324;0.9572817065955797;0.9409675449939552;0.8410217870659503;1.0;0.9820495189747197;;0.7139717830342333;0.8854916490484867;0.9084052073663457;0.9490193368969837;0.9423700109281226;0.9747991771772014;0.8421749246783339;0.7267726782806698;0.7894288174546326;0.7487812650576594;0.6641816327216543;0.980345719339071;0.8645910541123712;0.12935070547101374;-0.09867462753457269;0.43196647652812387;-0.7395042238145364;-0.7974915374593813;0.8880958018510057;-0.14325256697904154;0.5876563184142441;0.6525622620776083;0.6902153702924261;0.7481075789082137;0.7522010592540921;0.5580731835908759;0.5286594302644086;0.6704198080336267;0.7038241064029698;0.8335987254601974;0.6968001362493371;0.6559640827549406;0.68539754566427;0.3870798625807297;0.18398063589493965;0.6792709867579315;0.7272776619409386;0.6939949949627466;0.7633990402446292;0.7518395584205463;0.8736722963016853;0.879341350472072;0.7559016418385388;0.48264500956305656;0.4867998353059261;0.7820440592245375;0.6106845802969691;0.8387282175341348;0.8777722011895294;0.8724960611655257;0.8893845361217041;0.8893668736948029;0.2870656052235462;0.30336095413004466;0.31791495296292394;0.27892740776748637;0.6661654097036444
198;-0.7051304873264798;-0.7575612187192186;0.8549151648843821;0.9318440378733449;0.9350384784071499;0.8066362691971707;0.9577195680844562;0.7572756621810217;0.8034267077207079;0.8342580144136026;0.8651133681107435;0.6350090720158851;0.7850256306935888;0.9578119147335147;0.9719914535261144;0.7824250915106418;0.9820495189747197;1.0;;0.6452847302687046;0.9297014966727598;0.946434629633027;0.9110442911792529;0.9048000548593703;0.9974498666994432;0.8734644708556621;0.6930117688489771;0.7259134645552711;0.6760656667577678;0.5594368075448635;0.9950861113528636;0.7951952493557108;0.2666503167239905;0.04991361776715224;0.5571827062222785;-0.652601739883303;-0.7417565765916;0.9227735235563872;-0.04569695654899341;0.47568669372254274;0.5411671951561088;0.5841752893620548;0.6556252493736556;0.6602361117693992;0.4741495402935729;0.415918309258614;0.5918824267740265;0.6296801383014676;0.784066442961108;0.6216723062686463;0.5849209738260269;0.6107366686390582;0.2604008972273038;0.07995174037335137;0.5990008498493516;0.6903237722210082;0.6003760442810767;0.6845143454870446;0.6598337506968911;0.823287933339776;0.8318200997774075;0.700846901568575;0.379560596528022;0.3838085397004557;0.7245790173335863;0.4976850930393763;0.7786929500821315;0.8434561573651838;0.8369131445950658;0.8719133846064839;0.873003506533217;0.17151722390153049;0.18925278795690748;0.20545438263583488;0.16217529332208352;0.5863130213895815
199;;;;;;;;;;;;;;;;;;;;;;;;;;;;;;;;;;;;;;;;;;;;;;;;;;;;;;;;;;;;;;;;;;;;;;;;;;;;
201;-0.7963757146059717;-0.10964778993798234;0.8668932951089048;0.6205256971755606;0.6449990929881717;0.3352488602295163;0.620579966202799;0.8144839873909894;0.8154475384327006;0.8032192655490392;0.7985504637063187;0.9067439831399119;0.6699010127047248;0.7903201322333444;0.6541968398719277;0.8519464048376397;0.7139717830342333;0.6452847302687046;;1.0;0.5533138058473975;0.5645761425237811;0.8202524684449849;0.8093707899972677;0.6301131193278094;0.6598582622802401;0.8908022496895733;0.8593883592028492;0.8756660032834186;0.8495068571564259;0.6227377141566702;0.8841720137896701;-0.44785826027035436;-0.30775368870033293;-0.1392839776519673;-0.5817832711172015;-0.49980944587354165;0.6567303133092287;-0.11815304263675801;0.6767628793565027;0.6589070304274375;0.6652524012860435;0.6649089156971436;0.6606212740296037;0.6040479641814962;0.8558410462618831;0.6607490665365464;0.6892991561560087;0.8008639301633235;0.6833092166309221;0.6252175034974716;0.7705807452683189;0.5665955066618802;0.44319509000648205;0.6015459669393743;0.6287679966333953;0.7128586580842071;0.625353398703035;0.6606416943670984;0.7161306411084787;0.7040601909798546;0.8403534890069417;0.8639876515385553;0.8639457013945988;0.8381351904296426;0.7537580841832144;0.7739470527369096;0.7478380379298853;0.7474996467600016;0.6998725655197156;0.6978304942501052;0.5672170626816058;0.5671564208740644;0.5676876697050632;0.5579106310069449;0.8425467839722022
203;-0.5774627374964078;-0.8194808181056029;0.6922265887142107;0.8190003903830112;0.8306819368805587;0.837381059665386;0.8931864130755767;0.5403478541077286;0.6028953724346663;0.6471183832416229;0.6998147450988874;0.42981069036403274;0.7820220981880883;0.864853634954619;0.9578496458050135;0.579373095059108;0.8854916490484867;0.9297014966727598;;0.5533138058473975;1.0;0.9970023034601765;0.7885248047197237;0.7360712368454374;0.9326141528651527;0.7643016980421133;0.6490438694357293;0.5200218497981348;0.6416867493319087;0.340005187035919;0.9347360914533553;0.6195817518067586;0.34957185266382645;0.2310562487625622;0.5931333126140896;-0.5492888332830035;-0.5992255070184419;0.8359611580251256;-0.059483163421847805;0.261876356625516;0.2972505898256915;0.3342230246879217;0.40858792957771123;0.4118174951133085;0.27647160937203735;0.22466409229134374;0.38609996284620823;0.4359522143626386;0.6367455584694697;0.4252014123983875;0.37614305335604015;0.3527266051030011;0.0360017273896263;-0.0897684687129251;0.37551019601555313;0.5581117968651115;0.34929910307656203;0.4402391262837328;0.41140089463661245;0.6706207949563329;0.6795995943930313;0.548151066863455;0.2269691351602596;0.23060657929219366;0.5653398087998477;0.2555916242155135;0.5617329124143525;0.6591338125286997;0.6568455731007314;0.7029746431381393;0.7043848251792182;-0.014781057896349132;0.004746901741688522;0.02461601079158182;-0.008307226714290962;0.43429773408825934
205;-0.5790763498641429;-0.82863735284341;0.715033610989604;0.8306280214748696;0.8407622325125642;0.8390395464291728;0.9018018623087428;0.5628537520898784;0.6243048743972248;0.667674623197664;0.71816206712622;0.4532024780360137;0.7703779598238584;0.8812476935472757;0.9683534130496517;0.6002380380630603;0.9084052073663457;0.946434629633027;;0.5645761425237811;0.9970023034601765;1.0;0.8061764863908955;0.7607078907171689;0.9493366411334135;0.7789903866867427;0.6447679647128745;0.5385539393318693;0.6411463638934056;0.36310040841689245;0.9509310823785051;0.6435904412504002;0.34084706735088044;0.20080884581121972;0.5952463094098115;-0.5844588062759141;-0.6348065318582081;0.8469457073529183;-0.09459994981902106;0.28173941577547584;0.3278757963515137;0.3680367770510393;0.4431820885582445;0.44734365974295004;0.3175852209663304;0.24089464286318568;0.4256328818403094;0.47281906151015307;0.6494348994219492;0.462729800108325;0.4103019369215686;0.38246600350425886;0.06255402910709848;-0.07672173190845366;0.4210341323593794;0.5841147618021593;0.38233304435560583;0.4793129078035599;0.4469126985489656;0.6934711103684265;0.7026557082256345;0.5633500753564998;0.23664492845842408;0.24032776608343;0.5833565782566333;0.2837226289616214;0.591211533569613;0.6857926529470129;0.6840369479144973;0.7278649344329463;0.7292715899155251;-0.004607839563508745;0.014409592865589708;0.03316496049777857;-0.0023042298467870043;0.44411266777253755
206;-0.8988634236308942;-0.46632062736607616;0.9311269465991939;0.8515793959375817;0.8522927023944616;0.5393567169839002;0.8354907977750207;0.855827859153652;0.8763415260213978;0.8855491559822456;0.8984682023097795;0.8542912851822764;0.7542702657429913;0.9501702538529484;0.854148350051581;0.922026609198961;0.9490193368969837;0.9110442911792529;;0.8202524684449849;0.7885248047197237;0.8061764863908955;1.0;0.9831314781972706;0.9048534043973332;0.7992636178127145;0.7728942880842148;0.8872020823538262;0.7866642134545592;0.8347964969392908;0.9173223452994698;0.9548000921459674;-0.09849240790543548;-0.2886848761193571;0.2123150020064909;-0.7311938294297781;-0.7399363692614537;0.8210383994943096;-0.06670509106482182;0.6997009381058763;0.7454197105729268;0.7750741178717898;0.8138629755839865;0.8161804529623317;0.6767972831923645;0.7291904547147685;0.772668439501796;0.8050472691366213;0.9309755311484893;0.7980711559134018;0.7440901192188788;0.802251121856241;0.5360849650874415;0.3518768404646218;0.7493987613677072;0.8086110189933231;0.7969598863023194;0.818760412573396;0.8159190348812871;0.8551896371749241;0.8573293769186927;0.8947616867403635;0.6959295485400118;0.6986823144270058;0.9140955740900462;0.7401928231101389;0.933614564821172;0.9565141497182778;0.9521620166235171;0.9495734788082673;0.9483713928808949;0.4719980690411368;0.4856313142906687;0.497858367802026;0.4639173087685956;0.8395198139343917
207;-0.8808587337206649;-0.4433817493879383;0.9532213565595261;0.8893930381979405;0.8821542495906594;0.5580004854805581;0.8493781602339354;0.9201258788215108;0.9351341919709389;0.9406362495471121;0.944900717828302;0.8872687585450995;0.7573395930751557;0.9551852462235514;0.8441318950344228;0.9519683870602846;0.9423700109281226;0.9048000548593703;;0.8093707899972677;0.7360712368454374;0.7607078907171689;0.9831314781972706;1.0;0.9003917374683159;0.8388721789493677;0.7574837802120327;0.9195248664679079;0.7504395175023363;0.8487467213132325;0.9005651968246291;0.9654738938342041;-0.07692218522157825;-0.29030398710852645;0.24629276120892696;-0.7228108471834014;-0.7621255220791694;0.8527634623045927;-0.003956310533223776;0.732430827603514;0.7867297395261486;0.818320078022128;0.8573220701992267;0.8597766524532752;0.6986557553521026;0.7439109763480549;0.7913385105355549;0.8160049273397;0.926077002066246;0.8107633942279836;0.7634782163567527;0.8554451926552499;0.5653743211071344;0.37351261123670076;0.7829910269424406;0.790831049196644;0.8356344314037376;0.8563348740241199;0.8595804380565608;0.8851820038912717;0.8878514862897546;0.88042233751955;0.6916510896684429;0.6946156869135613;0.9042791903034096;0.7770224976076849;0.9582092107238364;0.96642177593181;0.9567297700275696;0.9549938342870398;0.954086910719928;0.49156896588480087;0.5030338485234913;0.5124993087966963;0.47867887819576405;0.8301842214077766
209;-0.7055990163060637;-0.7535752568847629;0.8372674961777881;0.9369362739312258;0.9309989102436601;0.812591832590383;0.9557228685140436;0.7520915589134601;0.7983605598593401;0.8301457104894263;0.8637306526783606;0.628195450071901;0.7915020741381443;0.9607779427248472;0.9740461988969268;0.7645672622030786;0.9747991771772014;0.9974498666994432;;0.6301131193278094;0.9326141528651527;0.9493366411334135;0.9048534043973332;0.9003917374683159;1.0;0.8816072232792006;0.6708621209419869;0.7056331767796357;0.6466495914155249;0.5442730414688272;0.9942745022327883;0.7879436442295674;0.27612544640170206;0.06262993404791718;0.571418876786379;-0.6433831180426509;-0.7287882267358354;0.9256138785895811;-0.026738883608353702;0.45204271155776476;0.5252266687619433;0.5717884590051788;0.6459029716051541;0.6512086296486198;0.4887802940693995;0.4032761915284113;0.600846802485133;0.6363958209217508;0.7788201229053526;0.6289317216243334;0.5885206320978624;0.6014956200620474;0.2516188172816044;0.08018560013925853;0.609036857308087;0.7044181790815925;0.5902330993985548;0.681583368820959;0.6508136063951954;0.8125005397881928;0.8215402494519494;0.6950121787330565;0.3675276418087821;0.3716385088981512;0.7222955360755714;0.4795045087099371;0.776855373363337;0.8476063628490674;0.8415337967156519;0.8780164906330956;0.8791872357716886;0.15709221842485913;0.17446597715471235;0.1899068259398;0.14686967984937047;0.5831887188352267
211;-0.6516124921278666;-0.5604487433125022;0.8146164562408978;0.9565646705532889;0.9402829146557335;0.7919873128599771;0.9436204381531842;0.8496112839706238;0.8810023195725184;0.9030556597340799;0.9333546362987297;0.6808750370805099;0.8618953565129022;0.9085005061802293;0.8841580514344123;0.7616238116539367;0.8421749246783339;0.8734644708556621;;0.6598582622802401;0.7643016980421133;0.7789903866867427;0.7992636178127145;0.8388721789493677;0.8816072232792006;1.0;0.7132165914460438;0.7227989806019266;0.5962179267279905;0.5379169970708884;0.8420004632271522;0.7630188429869665;0.2085218516529915;0.1789401399141266;0.544787705621642;-0.3966153581566848;-0.5473203087012858;0.9813651261551983;0.13421480916225859;0.4532841594713188;0.5206258268439639;0.5652863054605555;0.6243486999711776;0.6242595509537521;0.5441240625312503;0.44830638163160796;0.6105756798835599;0.6279727920080581;0.7149310259339523;0.6245607933965921;0.5631660848898353;0.6225912466496802;0.29121337079475773;0.1563866884481665;0.622699545687016;0.6400290292794034;0.5800723878123779;0.6348936312144736;0.624016844004605;0.7534164387611411;0.7570376095929331;0.6348067985615613;0.39976039563197535;0.40315727417474734;0.668021763711413;0.48287029621919286;0.7339079296945522;0.7892395067348662;0.7765239057810902;0.7983477874485684;0.79911281017147;0.21730503682725655;0.22847003080148276;0.2376239830725299;0.2091802278139386;0.5829842851889939
225;-0.6998564202600447;-0.2894470484164124;0.8706091712437407;0.6926003042497385;0.7475749908788989;0.4969827256325632;0.722696494056896;0.7439190594946411;0.7670748248473066;0.7728661974724044;0.7838202590432424;0.7582915359002321;0.8325940572795092;0.7644543270000664;0.7059689518966241;0.829203532559269;0.7267726782806698;0.6930117688489771;;0.8908022496895733;0.6490438694357293;0.6447679647128745;0.7728942880842148;0.7574837802120327;0.6708621209419869;0.7132165914460438;1.0;0.8398909121560648;0.9116931226335931;0.6902647994097459;0.6623183676978611;0.814724077152893;-0.11790957990244104;-0.0077049328029914;0.13959731234825487;-0.35294892045068;-0.35659033817541713;0.7319015430671694;-0.037072612835487066;0.54236147056757;0.5176552379434652;0.5274661881131446;0.5520099154318965;0.5547346533308463;0.47489270261033306;0.684275504556335;0.5700299804461328;0.6136158386803237;0.686985028844657;0.6040563077530533;0.552649483739706;0.6610044694053284;0.3229885101716045;0.21187740168236818;0.5159354873397172;0.5673190722512037;0.6069912447157588;0.5366932541319854;0.5548327570722491;0.6513711565622013;0.637864198820956;0.777849912599541;0.7379219339279012;0.7407477308650009;0.7555811469192826;0.6435698203963307;0.6483681604774035;0.6314691780605026;0.6366735574550643;0.5985182438839569;0.5965612699832797;0.35110191931484147;0.3540839086838982;0.360470752949967;0.3523193087632086;0.6776738274609253
227;-0.8509518976533068;-0.21171140790828327;0.9520750957476009;0.7693396046873762;0.7903096599815559;0.37967526521381806;0.7136882848112259;0.9312326270232177;0.9278327406288458;0.9162525180875024;0.896453125552368;0.9255712191761496;0.7176860961355649;0.8118861270431831;0.662453449258613;0.9951577660876306;0.7894288174546326;0.7259134645552711;;0.8593883592028492;0.5200218497981348;0.5385539393318693;0.8872020823538262;0.9195248664679079;0.7056331767796357;0.7227989806019266;0.8398909121560648;1.0;0.8176602303134755;0.918892735221706;0.7092332353425709;0.9497171037027563;-0.2216152539419429;-0.3843839958611814;0.06076289541465383;-0.5842828363837651;-0.6288742042215816;0.7313834245651086;0.0943265913809822;0.8106304137915239;0.8044480161672115;0.8116865711818139;0.8201427496568093;0.8194909802208592;0.6686917088759606;0.8593477165785818;0.7444402537344854;0.7713099060770948;0.8518233703306245;0.765057497029845;0.6975748118791816;0.8847956236211828;0.5922747512098162;0.39954161791303866;0.7147462151764069;0.6519497561145382;0.8351409694503386;0.7777592513902704;0.8195162383198294;0.7859664179423159;0.7827885849406742;0.8718223842950809;0.8232275770359616;0.8254641848065289;0.8710729949733277;0.8497210109093167;0.8922829751489902;0.8490637924266815;0.8355710295683253;0.8067406007768867;0.804449654920208;0.586095426437921;0.5921059926294382;0.5989561343546133;0.5826054668880147;0.8276797769205522
