,price,Total Stored Energy,UHE Stored Energy,UTE Stored Energy,Load Energy,ENA,Afluent Flow Sum
price,1.0,-0.6448840715676041,-0.47129174458804685,0.6366911966589568,-0.12369023902814748,-0.5268511901751225,-0.35122700934541545
Total Stored Energy,-0.6448840715676041,1.0,0.298142699501795,-0.4557193117615429,-0.15093242692744233,0.3792279015518146,0.2908076031632902
UHE Stored Energy,-0.47129174458804685,0.298142699501795,1.0,-0.9034041574367255,0.6294304804654701,0.7403184901896764,0.5958860060402085
UTE Stored Energy,0.6366911966589568,-0.4557193117615429,-0.9034041574367255,1.0,-0.5261807436503088,-0.7738471761218979,-0.6489727342744072
Load Energy,-0.12369023902814748,-0.15093242692744233,0.6294304804654701,-0.5261807436503088,1.0,0.47822330189085477,0.5146884236752062
ENA,-0.5268511901751225,0.3792279015518146,0.7403184901896764,-0.7738471761218979,0.47822330189085477,1.0,0.9169250999966846
Afluent Flow Sum,-0.35122700934541545,0.2908076031632902,0.5958860060402085,-0.6489727342744072,0.5146884236752062,0.9169250999966846,1.0
